# k P(k) shot_noise
8.89964132e-02 6.31445853e+03 3.05175781e+01
1.50791226e-01 3.56788139e+03 3.05175781e+01
2.14479026e-01 1.83902551e+03 3.05175781e+01
2.78366088e-01 1.41482612e+03 3.05175781e+01
3.43509997e-01 1.01297393e+03 3.05175781e+01
4.04788696e-01 8.51027327e+02 3.05175781e+01
4.67671689e-01 7.41935976e+02 3.05175781e+01
5.31061042e-01 6.39868908e+02 3.05175781e+01
5.94685997e-01 5.71011813e+02 3.05175781e+01
6.58767124e-01 5.50162607e+02 3.05175781e+01
7.20530626e-01 5.00791587e+02 3.05175781e+01
7.82786119e-01 4.50141212e+02 3.05175781e+01
8.47039927e-01 4.53496355e+02 3.05175781e+01
9.09685493e-01 4.03666814e+02 3.05175781e+01
9.72079014e-01 3.77825716e+02 3.05175781e+01
1.03476307e+00 3.56988392e+02 3.05175781e+01
1.09762745e+00 3.36857611e+02 3.05175781e+01
1.16095722e+00 3.25109244e+02 3.05175781e+01
1.22396971e+00 3.03692314e+02 3.05175781e+01
1.28711201e+00 2.91761447e+02 3.05175781e+01
1.35002498e+00 2.72418796e+02 3.05175781e+01
1.41270176e+00 2.61317193e+02 3.05175781e+01
1.47557634e+00 2.57445837e+02 3.05175781e+01
1.53786512e+00 2.43648389e+02 3.05175781e+01
1.60065759e+00 2.31642152e+02 3.05175781e+01
1.66407998e+00 2.25737910e+02 3.05175781e+01
1.72727186e+00 2.13895790e+02 3.05175781e+01
1.78976527e+00 2.08548070e+02 3.05175781e+01
1.85235375e+00 1.98927343e+02 3.05175781e+01
1.91480685e+00 1.92237982e+02 3.05175781e+01
1.97788992e+00 1.87298982e+02 3.05175781e+01
2.04107613e+00 1.81464823e+02 3.05175781e+01
2.10405967e+00 1.75274412e+02 3.05175781e+01
2.16694434e+00 1.65619702e+02 3.05175781e+01
2.22974346e+00 1.61512399e+02 3.05175781e+01
2.29272327e+00 1.57789885e+02 3.05175781e+01
2.35531343e+00 1.49522322e+02 3.05175781e+01
2.41811422e+00 1.48213592e+02 3.05175781e+01
2.48096828e+00 1.41719684e+02 3.05175781e+01
2.54349232e+00 1.35336118e+02 3.05175781e+01
2.60640598e+00 1.29737719e+02 3.05175781e+01
2.66934498e+00 1.28476484e+02 3.05175781e+01
2.73250793e+00 1.25563388e+02 3.05175781e+01
2.79562043e+00 1.24065516e+02 3.05175781e+01
2.85851940e+00 1.20553187e+02 3.05175781e+01
2.92103170e+00 1.15237079e+02 3.05175781e+01
2.98348408e+00 1.14231914e+02 3.05175781e+01
3.04648804e+00 1.10003455e+02 3.05175781e+01
3.10937413e+00 1.06180793e+02 3.05175781e+01
3.17228947e+00 1.06029346e+02 3.05175781e+01
3.23529746e+00 1.02605981e+02 3.05175781e+01
3.29823321e+00 9.98306173e+01 3.05175781e+01
3.36125757e+00 9.71444662e+01 3.05175781e+01
3.42373465e+00 9.43107581e+01 3.05175781e+01
3.48649090e+00 9.34516164e+01 3.05175781e+01
3.54941175e+00 9.05391655e+01 3.05175781e+01
3.61191707e+00 8.85879345e+01 3.05175781e+01
3.67476723e+00 8.73683041e+01 3.05175781e+01
3.73764793e+00 8.54194478e+01 3.05175781e+01
3.80065416e+00 8.46993099e+01 3.05175781e+01
3.86353999e+00 8.25441596e+01 3.05175781e+01
3.92625634e+00 8.09691650e+01 3.05175781e+01
3.98937047e+00 7.89780114e+01 3.05175781e+01
4.05207712e+00 7.77417780e+01 3.05175781e+01
4.11495262e+00 7.61290734e+01 3.05175781e+01
4.17784953e+00 7.49954803e+01 3.05175781e+01
4.24040399e+00 7.49252194e+01 3.05175781e+01
4.30347653e+00 7.33628213e+01 3.05175781e+01
4.36641519e+00 7.17375917e+01 3.05175781e+01
4.42903206e+00 7.10576558e+01 3.05175781e+01
4.49166335e+00 6.92411091e+01 3.05175781e+01
4.55450209e+00 6.79863359e+01 3.05175781e+01
4.61773506e+00 6.75817338e+01 3.05175781e+01
4.68075301e+00 6.58492057e+01 3.05175781e+01
4.74358845e+00 6.56001873e+01 3.05175781e+01
4.80651747e+00 6.48313250e+01 3.05175781e+01
4.86918416e+00 6.43944001e+01 3.05175781e+01
4.93175909e+00 6.33191427e+01 3.05175781e+01
4.99453793e+00 6.20238131e+01 3.05175781e+01
5.05722577e+00 6.15626154e+01 3.05175781e+01
5.11998559e+00 6.08322051e+01 3.05175781e+01
5.18312622e+00 5.97984754e+01 3.05175781e+01
5.24610721e+00 5.91787839e+01 3.05175781e+01
5.30880767e+00 5.83229083e+01 3.05175781e+01
5.37161058e+00 5.74977916e+01 3.05175781e+01
5.43465532e+00 5.64780343e+01 3.05175781e+01
5.49751370e+00 5.65204487e+01 3.05175781e+01
5.55996267e+00 5.60484930e+01 3.05175781e+01
5.62287140e+00 5.51314664e+01 3.05175781e+01
5.68601894e+00 5.48135545e+01 3.05175781e+01
5.74883554e+00 5.38733774e+01 3.05175781e+01
5.81170411e+00 5.33750626e+01 3.05175781e+01
5.87452361e+00 5.26700035e+01 3.05175781e+01
5.93718524e+00 5.24857490e+01 3.05175781e+01
5.99997212e+00 5.19850475e+01 3.05175781e+01
6.06272109e+00 5.14628143e+01 3.05175781e+01
6.12553436e+00 5.07358387e+01 3.05175781e+01
6.18853783e+00 5.07521158e+01 3.05175781e+01
6.25134460e+00 4.99841033e+01 3.05175781e+01
6.31405594e+00 4.95537687e+01 3.05175781e+01
6.37705972e+00 4.94112524e+01 3.05175781e+01
6.43992890e+00 4.89468396e+01 3.05175781e+01
6.50272605e+00 4.86820951e+01 3.05175781e+01
6.56559003e+00 4.84652621e+01 3.05175781e+01
6.62838894e+00 4.78125054e+01 3.05175781e+01
6.69120091e+00 4.73032176e+01 3.05175781e+01
6.75407562e+00 4.71143148e+01 3.05175781e+01
6.81685815e+00 4.66328584e+01 3.05175781e+01
6.87961244e+00 4.60914976e+01 3.05175781e+01
6.94241998e+00 4.60828149e+01 3.05175781e+01
7.00524312e+00 4.60070055e+01 3.05175781e+01
7.06812517e+00 4.54340530e+01 3.05175781e+01
7.13101923e+00 4.50435664e+01 3.05175781e+01
7.19393849e+00 4.46400482e+01 3.05175781e+01
7.25685335e+00 4.43286649e+01 3.05175781e+01
7.31965292e+00 4.40428850e+01 3.05175781e+01
7.38250822e+00 4.40007707e+01 3.05175781e+01
7.44526607e+00 4.36072116e+01 3.05175781e+01
7.50787133e+00 4.33759219e+01 3.05175781e+01
7.57076986e+00 4.29765248e+01 3.05175781e+01
7.63365215e+00 4.26882872e+01 3.05175781e+01
7.69647641e+00 4.24587999e+01 3.05175781e+01
7.75940767e+00 4.24978763e+01 3.05175781e+01
7.82232938e+00 4.23870194e+01 3.05175781e+01
7.88534300e+00 4.17701629e+01 3.05175781e+01
7.94793718e+00 4.16076208e+01 3.05175781e+01
8.01050337e+00 4.15309814e+01 3.05175781e+01
