# k P(k) shot_noise
8.89964132e-02 4.49442878e+00 3.05175781e+01
1.50791226e-01 1.08367208e+01 3.05175781e+01
2.14479026e-01 2.18650026e+01 3.05175781e+01
2.78366088e-01 2.53580082e+01 3.05175781e+01
3.43509997e-01 2.86539563e+01 3.05175781e+01
4.04788696e-01 2.91285634e+01 3.05175781e+01
4.67671689e-01 3.13854934e+01 3.05175781e+01
5.31061042e-01 2.75076557e+01 3.05175781e+01
5.94685997e-01 3.10620470e+01 3.05175781e+01
6.58767124e-01 2.81760563e+01 3.05175781e+01
7.20530626e-01 3.13801663e+01 3.05175781e+01
7.82786119e-01 2.91935021e+01 3.05175781e+01
8.47039927e-01 3.03709253e+01 3.05175781e+01
9.09685493e-01 3.21142139e+01 3.05175781e+01
9.72079014e-01 3.06806456e+01 3.05175781e+01
1.03476307e+00 2.98401817e+01 3.05175781e+01
1.09762745e+00 3.06545293e+01 3.05175781e+01
1.16095722e+00 2.96595526e+01 3.05175781e+01
1.22396971e+00 3.02670802e+01 3.05175781e+01
1.28711201e+00 3.18734986e+01 3.05175781e+01
1.35002498e+00 3.00539733e+01 3.05175781e+01
1.41270176e+00 2.94922926e+01 3.05175781e+01
1.47557634e+00 3.00133011e+01 3.05175781e+01
1.53786512e+00 3.10168737e+01 3.05175781e+01
1.60065759e+00 3.13521327e+01 3.05175781e+01
1.66407998e+00 3.08374096e+01 3.05175781e+01
1.72727186e+00 3.00631291e+01 3.05175781e+01
1.78976527e+00 3.02536899e+01 3.05175781e+01
1.85235375e+00 3.05604310e+01 3.05175781e+01
1.91480685e+00 3.05401782e+01 3.05175781e+01
1.97788992e+00 2.99399055e+01 3.05175781e+01
2.04107613e+00 3.02490669e+01 3.05175781e+01
2.10405967e+00 3.02926699e+01 3.05175781e+01
2.16694434e+00 3.01776597e+01 3.05175781e+01
2.22974346e+00 3.06054944e+01 3.05175781e+01
2.29272327e+00 3.06388412e+01 3.05175781e+01
2.35531343e+00 3.02535256e+01 3.05175781e+01
2.41811422e+00 3.04583311e+01 3.05175781e+01
2.48096828e+00 3.06479379e+01 3.05175781e+01
2.54349232e+00 3.05020422e+01 3.05175781e+01
2.60640598e+00 3.03187351e+01 3.05175781e+01
2.66934498e+00 3.08414267e+01 3.05175781e+01
2.73250793e+00 3.06467668e+01 3.05175781e+01
2.79562043e+00 3.06696026e+01 3.05175781e+01
2.85851940e+00 3.02963390e+01 3.05175781e+01
2.92103170e+00 3.06658190e+01 3.05175781e+01
2.98348408e+00 3.03767282e+01 3.05175781e+01
3.04648804e+00 3.08332134e+01 3.05175781e+01
3.10937413e+00 3.05521076e+01 3.05175781e+01
3.17228947e+00 3.09156839e+01 3.05175781e+01
3.23529746e+00 3.06981873e+01 3.05175781e+01
3.29823321e+00 3.04398653e+01 3.05175781e+01
3.36125757e+00 3.04762842e+01 3.05175781e+01
3.42373465e+00 3.07018578e+01 3.05175781e+01
3.48649090e+00 3.05456747e+01 3.05175781e+01
3.54941175e+00 3.07139530e+01 3.05175781e+01
3.61191707e+00 3.07632641e+01 3.05175781e+01
3.67476723e+00 3.06542600e+01 3.05175781e+01
3.73764793e+00 3.02418148e+01 3.05175781e+01
3.80065416e+00 3.01369069e+01 3.05175781e+01
3.86353999e+00 3.03669851e+01 3.05175781e+01
3.92625634e+00 3.05233727e+01 3.05175781e+01
3.98937047e+00 3.06441195e+01 3.05175781e+01
4.05207712e+00 3.06761625e+01 3.05175781e+01
4.11495262e+00 3.05831496e+01 3.05175781e+01
4.17784953e+00 3.04473064e+01 3.05175781e+01
4.24040399e+00 3.05838332e+01 3.05175781e+01
4.30347653e+00 3.02490006e+01 3.05175781e+01
4.36641519e+00 3.04706914e+01 3.05175781e+01
4.42903206e+00 3.04642252e+01 3.05175781e+01
4.49166335e+00 3.06702651e+01 3.05175781e+01
4.55450209e+00 3.05903009e+01 3.05175781e+01
4.61773506e+00 3.06843556e+01 3.05175781e+01
4.68075301e+00 3.05585103e+01 3.05175781e+01
4.74358845e+00 3.05318153e+01 3.05175781e+01
4.80651747e+00 3.07465410e+01 3.05175781e+01
4.86918416e+00 3.03567338e+01 3.05175781e+01
4.93175909e+00 3.05088160e+01 3.05175781e+01
4.99453793e+00 3.05801911e+01 3.05175781e+01
5.05722577e+00 3.04175958e+01 3.05175781e+01
5.11998559e+00 3.06913446e+01 3.05175781e+01
5.18312622e+00 3.05348174e+01 3.05175781e+01
5.24610721e+00 3.07378132e+01 3.05175781e+01
5.30880767e+00 3.05939460e+01 3.05175781e+01
5.37161058e+00 3.04774184e+01 3.05175781e+01
5.43465532e+00 3.05394612e+01 3.05175781e+01
5.49751370e+00 3.06363405e+01 3.05175781e+01
5.55996267e+00 3.03526346e+01 3.05175781e+01
5.62287140e+00 3.07909043e+01 3.05175781e+01
5.68601894e+00 3.04308991e+01 3.05175781e+01
5.74883554e+00 3.05952393e+01 3.05175781e+01
5.81170411e+00 3.02560800e+01 3.05175781e+01
5.87452361e+00 3.05576661e+01 3.05175781e+01
5.93718524e+00 3.07635697e+01 3.05175781e+01
5.99997212e+00 3.05263237e+01 3.05175781e+01
6.06272109e+00 3.03450504e+01 3.05175781e+01
6.12553436e+00 3.06780581e+01 3.05175781e+01
6.18853783e+00 3.03022438e+01 3.05175781e+01
6.25134460e+00 3.04381505e+01 3.05175781e+01
6.31405594e+00 3.04248064e+01 3.05175781e+01
6.37705972e+00 3.02459432e+01 3.05175781e+01
6.43992890e+00 3.03633624e+01 3.05175781e+01
6.50272605e+00 3.03705371e+01 3.05175781e+01
6.56559003e+00 3.07022937e+01 3.05175781e+01
6.62838894e+00 3.04125125e+01 3.05175781e+01
6.69120091e+00 3.05916066e+01 3.05175781e+01
6.75407562e+00 3.04515527e+01 3.05175781e+01
6.81685815e+00 3.06064183e+01 3.05175781e+01
6.87961244e+00 3.05067312e+01 3.05175781e+01
6.94241998e+00 3.06553127e+01 3.05175781e+01
7.00524312e+00 3.04789071e+01 3.05175781e+01
7.06812517e+00 3.04000517e+01 3.05175781e+01
7.13101923e+00 3.04400091e+01 3.05175781e+01
7.19393849e+00 3.05296571e+01 3.05175781e+01
7.25685335e+00 3.04584073e+01 3.05175781e+01
7.31965292e+00 3.05790533e+01 3.05175781e+01
7.38250822e+00 3.05710264e+01 3.05175781e+01
7.44526607e+00 3.05055218e+01 3.05175781e+01
7.50787133e+00 3.04953472e+01 3.05175781e+01
7.57076986e+00 3.06272668e+01 3.05175781e+01
7.63365215e+00 3.06399588e+01 3.05175781e+01
7.69647641e+00 3.05675265e+01 3.05175781e+01
7.75940767e+00 3.07622048e+01 3.05175781e+01
7.82232938e+00 3.05960473e+01 3.05175781e+01
7.88534300e+00 3.05671962e+01 3.05175781e+01
7.94793718e+00 3.05476243e+01 3.05175781e+01
8.01050337e+00 3.05942686e+01 3.05175781e+01
